[[0.81350275, 0.56733688, 0.86804656, ..., 0.58486598, 0.68057767,
  0.63565821],
 [0.89105944, 0.08510492, 0.05109314, ..., 0.59435242, 0.95450937,
  0.36876904],
 [0.41603962, 0.62893276, 0.85007507, ..., 0.37375192, 0.6718988 ,
  0.58821436],
 ...,
 [0.98352162, 0.37192225, 0.44058828, ..., 0.38212268, 0.38777066,
  0.52101534],
 [0.29459806, 0.55935138, 0.85704422, ..., 0.50966565, 0.41035195,
  0.27945749],
 [0.21723568, 0.35756069, 0.94786015, ..., 0.31001913, 0.54732595,
  0.23168763]]
######### Resources
{"Component1_Metric1": [[9.852654735807532], [27.56947464143501], [27.936196904632883], [72.11342323894017], [81.72971071803592], [84.17131920022993], [99.37510707010769], [8.700931395087807], [95.34579961627155], [12.962767652520203], [29.608202629542124], [78.33751035328406], [51.904677821747015], [70.81373599965775], [9.48667703352829], [77.63438425093148], [2.4096677359177865], [54.14605578598039], [97.46140976562565], [14.734159117383783], [27.018543394649953], [58.66369254879144], [89.67333268214006], [52.78657428604296], [7.558511603045337], [48.17257093511627], [62.031053567899576], [50.916250248912206], [52.549801698539426], [95.23193429091678], [53.671751194557004], [29.24089504283206], [36.98656949372477], [70.24221161811481], [21.904426079524185], [99.36818640178227], [76.21043055801103], [34.67064105628913], [99.64761373563955], [10.084052110313579], [83.23713929154468], [81.00963966704954], [64.50941853608927], [60.14414325028057], [21.966078508007094], [31.561927205800966], [22.716068630707], [60.59601464817206], [28.958762556046903], [99.49150284967557], [87.54412337341266], [3.0448793059942747], [75.05440518693769], [82.98048919806196], [77.7416248627788], [88.98337483143109], [48.197788962444356], [33.374571307871406], [71.4755444411813], [83.95980416462922], [89.21016305306975], [43.10710721476574], [3.623455385005181], [39.13214438728835], [53.309981092333715], [15.808494760920155], [40.85166956818437], [70.29470057788211], [75.91038660792385], [51.9341119473219], [30.485635454262226], [11.158453921704458], [25.08356752315304], [99.9964830149563], [4.95447153078501], [77.19308096945561], [67.76453772825816], [24.065515837623064], [95.37520121119964], [91.60665960042455], [73.80566390584251], [71.99790082987072], [96.74985534200617], [3.369564048128515], [42.7685989931037], [98.93830647089051], [68.5714058869055], [12.430370095894695], [49.99427701384168], [77.86681822542957], [13.816952239967751], [18.77523599525066], [98.78420810127713], [46.69287074764832], [17.601060952656667], [43.51291012808014], [24.81662694964486], [69.5674349722975], [31.49314486161193], [44.65994801760276], [12.079172993858256], [65.85978931259585], [46.0550131540571], [28.978884746698363], [57.972033378465525], [51.25446713034011], [74.19251915367647], [50.95931659536056], [37.67421123806267], [49.115396809270415], [48.09585564076303], [76.25188503909033], [64.12816870481852], [55.23104520117843], [82.82456904341741], [32.31391357714693], [65.55894791961613], [6.862229131298047], [85.63746106588914], [50.01911695239144], [10.045645572593664], [63.687957581800944], [2.4809447753101566], [75.64117078446378], [6.1439673674470345], [73.71484461969408], [78.6972955584001], [84.42024297852649], [5.225506088716269], [16.79992403124193], [20.97707264680393], [82.88848970522531], [85.30770956605184], [93.35630400933931], [11.144009336263515], [27.72331835129772], [37.89980738418654], [53.20254418354485], [2.860195516660624], [94.46038838969596], [85.03531074601052], [72.00756727165512], [81.70561533751824], [81.6135142662626], [83.03781528867282], [79.12468370185624], [84.23552809348452], [4.0747098298255295], [48.05212420416669], [46.43245229522181], [52.870416518186715], [95.10030418326191], [40.645856064995876], [90.92313949684556], [26.348764300453396], [4.700369102561297], [45.2334782313677], [27.63338994658365], [23.934973649136616], [2.426566417499798], [11.926993281300769], [53.32028244398164], [19.293664273469467], [14.444527943588604], [18.276703542343153], [80.3137614851319], [21.584844271393056], [57.883323238097425], [56.88349596558852], [30.400335123298106], [43.31317565637175], [38.08894323955499], [74.16870792441537], [40.73035695588288], [61.6250267680533], [88.04920925882541], [88.98944564393432], [9.444648123499444], [41.98681419364614], [19.556042754558366], [80.6616418175879], [98.0219304428471], [99.73232442087533], [68.92949346626278], [18.806079517807394], [27.0986949243752], [8.959024211158495], [67.0523280734515], [5.261932905182376], [0.32595895540116215], [5.17681847643614], [52.01497877086161], [95.11558492047975], [23.855531521468], [7.187807341789554], [24.532728919869275], [37.37981929225106], [24.478023535309845], [8.40667661539445], [72.22761760164134], [80.47924698983039], [61.53956353048687], [66.81144762218993], [62.59616430985216], [18.72376455037108], [20.273987638084133], [55.902525747387784], [10.86912584034575], [23.641971161108742], [48.46688699280293], [5.342100461261879], [46.063859375661195], [84.92333332352167], [51.976460823974016], [46.51085960323263], [33.412594064409674], [76.82696735392923], [53.598251992277866], [35.113868135550895], [41.53365014295818], [43.93351652727241], [9.541290377824552], [37.460651095643414], [93.1365062950713], [10.377445881201819], [26.690495525422552], [1.8891317472301883], [50.51217767901448], [67.52707241944591], [39.31003565235292], [9.528777630795382], [36.341742686009304], [65.15877283989029], [21.7488431702893], [37.81099253858539], [12.71541477510505], [26.986276289767265], [99.42075012039197], [59.06760320848476], [74.34231242646912], [43.9758421134464], [1.0251432337250677], [53.42369269283706], [82.26348107244355], [66.3933068278421], [14.898696084370355], [33.737967973162874], [46.01734807768684], [16.47085884444869], [24.51838124162091], [47.225777649987286], [70.53737852967241], [63.91048161503079], [90.51867071921919], [74.14467206677716], [33.63850269625458], [73.2745681568164], [98.90969596778085], [75.40977711250436], [76.18084695518263], [81.39272567609115], [27.609370935197674], [82.64892537857587], [72.96837682835242], [62.997513937776176], [38.39927193461795], [44.327578289606365], [87.22726102921777], [98.41895686068156], [38.17951248530339], [1.272378322079426], [93.06785747541451], [22.45609232082093], [46.719736803602565], [93.09536436434018], [61.38346626170059], [78.11702794410083], [40.885673456889236], [3.0720368923820907], [58.21351119537847], [86.8519503695622], [52.99332775962109], [30.88515199567444], [65.98883809335203], [32.7078881666663], [15.325300474557736], [80.30194083008982], [0.7126695094319402], [47.789363146152986], [57.6927714265856], [95.31369442913117], [86.49107366228843], [85.4752148228803], [17.256078915745267], [96.99169148627418], [83.96381915926557], [86.59585160767466], [25.008681320677294], [70.21896335613803], [79.61901532773406], [22.26960258707824], [7.999151375756918], [13.166750920625924], [99.08502398644447], [70.33284315606811], [3.3186315586917536], [48.30655285446043], [59.017556741622116], [68.58074112457612], [8.580003870665298], [80.18397025759138], [66.87511052300155], [1.334348862810275], [42.828831456978556], [27.097549843544922], [79.3321710837146], [80.80762165369339], [78.33459240278688], [58.322557496679806], [78.83089325872808], [90.06955783964852], [41.76320831542234], [81.72882751831189], [90.94680660853963], [44.179286552495924], [26.871620497955618], [59.83127482601203], [96.94313718615446], [29.388000015969983], [12.248739822008636], [89.47389997849604], [9.20200353522863], [18.319413255276405], [63.02834497575748], [22.83632675820583], [8.696005235623739], [74.80840418125005], [6.129808687130723], [70.67764421092781], [74.93885453600872], [62.44792536096381], [48.81845330674902], [19.47331042650372], [61.28887063633296], [84.32275460729073], [11.834003731199271], [57.53017974814697], [41.136534633068635], [96.54823595777974], [74.9781443939926], [76.84636788707566], [18.68322257687246], [25.490602736924973], [19.918612154774696], [9.904132783017083], [50.35990202492329], [57.21766213102008], [10.70387276185426], [92.69598723649266], [62.497272352350684], [67.80620508455726], [17.006518245703074], [30.341225826757977], [78.8675206989455], [94.20263890605992], [17.62030902116669], [21.632016074244543], [57.04505384175541], [42.62290629447367], [8.900232943433917], [38.35530957703109], [66.34534602599425], [31.01870349197442], [33.00249063314463], [91.48015608811453], [94.23547046987517], [62.285158616292335], [5.204578633931122], [13.862538454609375], [24.00116668111858], [48.31808664339482], [6.693149572650558], [40.07561329051688], [68.01691130718068], [51.60705168633649], [91.43516362920583], [6.072757320036281], [3.0573583378148528], [30.781697208218517], [72.04180147915955], [67.99621633337219], [71.9685209888683], [47.01038261508577], [13.606586075435246], [48.66728561804676], [91.12090939185993], [0.374989749327026], [84.71498622419243], [85.6997760519448], [14.785369732206476], [29.53316988039293], [37.59487915578173], [79.01642158247391], [1.5827709608584817], [34.051459218115845], [20.62943943192108], [65.70407667286327], [27.68125893055997], [6.4485646850504175], [54.02045287992243], [25.025086601806702], [81.8592749220355], [78.50544482261657], [87.34212525611076], [63.53275041824126], [94.56555304174681], [43.26509270456865], [6.703394597150325], [65.1481372172004], [48.19871900805922], [27.298631638430358], [54.998624145942706], [77.77765640438096], [46.815748599566376], [4.386619611492392], [62.83887827344468], [4.991629729344938], [69.43310757340757], [52.604623584217656], [41.471688918718066], [37.59124209511357], [82.05055193274288], [67.85698175449537], [35.27375500460702], [91.68640790474915], [9.670600299513088], [34.56083601271855], [25.83614667722003], [99.98662043743336], [14.38156725526798], [79.86259655317626], [95.62862619175392], [98.11699059874799], [90.8700734456056], [35.94022054779574], [84.41998474625073], [96.13145390296978], [11.42103491672617], [49.68950633714487], [3.7347624603812024], [76.55258350170668], [19.81459627096962], [70.02926543368491], [5.747351992760386], [29.439705647178492], [78.68639289596128], [91.34149423423091], [44.57086193017662], [34.17889240941727], [96.707751401942], [89.75684397169655], [55.80410145156215], [91.48793459471042], [47.21303759251083], [81.27618985607553], [40.655056517127484], [92.01186564884082], [72.18528589463584], [89.14999051852216], [83.85591752250649], [2.382714270853159], [64.80807913510591], [82.78563580780704], [93.29657793789394], [70.75475106783536], [22.98436252635633], [50.5025102128848], [72.67341050313006], [25.182878655502527], [78.47196484389715], [78.67839690092764], [84.3979495888826], [43.94271969573662], [96.13202006397242], [36.16718534267229], [62.02003021494305], [9.80957797490194], [88.2041245081837], [90.87615604087551], [74.07610223891696], [72.16639349456577], [83.05661638463724], [38.292364142788394], [72.69321285662211], [5.927269994477646], [70.46848739209419], [89.67407683329208], [2.761774747116519], [61.323447925281705], [51.299951644977206], [54.42026838058281], [82.7607964901196], [14.318751877068248], [23.438327250027612], [15.62172727522021], [38.09780436870778], [36.37451627815385], [44.694675123171166], [42.39672778108255], [96.99163215898118], [29.266601276023973], [72.54360317018988], [5.405631173130709], [5.680944519483555], [86.7275446335045], [84.8926081597055], [51.8409401826971], [62.333009472261644], [81.74856478351514], [56.78276960247247], [27.10320055145067], [25.945029091489104], [50.11226128689411], [13.416437205108632], [92.32231599754877], [10.966766597334242], [90.74913380835432], [10.865739771928485], [6.71715034386019], [85.47716281639572], [70.94816939910856], [48.161666670800294], [1.5559001856645605], [36.038281766818756], [37.767927101966436], [80.44894214012899], [73.7519772617548], [78.45363390865843], [42.220893388214165], [29.98865116669117], [50.151218758451776], [19.69169265241576], [27.24373368729267], [27.141961468984277], [27.367718192391944], [26.06621766565781], [40.76008268718], [5.469968675306047], [59.04735421076176], [51.04446787510859], [97.77005620572966], [77.50642597508121], [63.05979030953696], [60.403596830873965], [46.01130656374869], [88.46088203422286], [89.66004235191942], [73.97920866598422], [36.91974151295905], [69.13695527622282], [30.162269275965915], [57.38335130246741], [83.29215242933478], [40.183066876975445], [82.22468680449953], [98.53640479438107], [16.174639984972572], [65.17345114000321], [67.52869292888882], [29.270024918986724], [25.60254687204463], [26.04127343292715], [33.15245367994367], [62.60014184062437], [2.6000562252134762], [59.9497819658772], [18.288369484730804], [60.26719213812161], [24.129365058435216], [67.36007659160211], [74.06631948936926], [39.491337752892704], [61.8359189657245], [78.19745487097767], [29.989942762193987], [87.26314108660449], [98.73298129384243], [66.49597962080006], [36.776743215159954], [18.767898121194637], [22.241592274157775], [62.84978651725296], [34.405597926385056], [29.346243211653455], [84.74389311608648], [10.76291908996888], [58.33099818769839], [20.76777877710574], [47.552367500337056], [41.30295274786353], [91.97389846721659], [99.19208782545937], [77.12745440560072], [20.038560923252614], [67.23265308833614], [9.265417912047624], [26.67443198426238], [39.26120827722934], [33.90457418721697], [93.1990260955444], [73.17018106655985], [74.36423124489788], [18.693389039315566], [99.36421677814796], [76.11670275327184], [75.55819053280084], [54.053356719618876], [50.326968096148136], [69.0051952135551], [20.070721662761436], [14.353931220120764], [13.242216659508198], [11.360814323673562], [57.90085255432748], [34.15458277250093], [11.384243008086814], [30.50033242914446], [2.9430955286895766], [92.43497132845464], [77.29664874955763], [7.880027548769553], [64.59871805378646], [23.34892691158509], [20.316541773330943], [30.536616629192892], [60.63013995300073], [31.196953511688342], [6.830593657812711], [4.670270960402156], [24.841595342453992], [33.06145639790283], [11.590786511386565], [75.39810602637164], [68.72508648359997], [11.52018409081098], [70.898424908285], [37.40742673029058], [6.604478804259594], [18.903044150231963], [70.23952466681348], [25.034589492853733], [35.38603296592635], [24.11566832832216], [73.30992060746799], [53.96598831595808], [23.327924346778104], [75.99933360577894], [12.040046220013313], [46.99307814808073], [89.6057296299677], [10.708096167670933], [25.335952284894404], [25.32390235100882], [42.72430495355013], [37.000851980626216], [57.50471272485985], [70.94293023401994], [30.571527479152394], [55.94212115141309], [14.712212290028559], [14.884105071207653], [86.10836741669439], [27.661831063166233], [31.131564814286694], [14.511404508660275], [24.00342702991344], [13.562124054924919], [50.24028788499185], [90.70404613699785], [19.615033255664414], [88.73124137443544], [60.50131407618814], [6.8327617315427585], [27.341843351840566], [18.348771888534042], [60.50446459041107], [82.93317864183182], [1.7805937067084887], [62.26741679837397], [64.34242042886169], [0.7763377712419195], [8.233179274941039], [28.46621781843588], [40.693453051263596], [43.60968167911115], [11.644479698382405], [78.02156631310297], [68.71272765621505], [94.43603683150997], [68.61934849292768], [93.72162086422536], [26.902977974062093], [3.1965248659502454], [47.31853544618703], [36.99063234501475], [25.157471958784715], [20.64781657117425], [59.50629170404156], [43.15833152650379], [69.43516106828204], [34.21122190334709], [9.48145399921614], [71.46921449130478], [7.012983433408271], [88.31300144610611], [23.763850082757244], [51.663031706746935], [40.608982012151074], [23.918084095291913], [76.73957867051658], [98.31329490826269], [14.579764408657836], [29.83986197247933], [5.82296545003036], [87.200544196263], [33.818695747792916], [44.605866745828195], [59.035367796158], [93.7856160682427], [34.88062612669911], [47.08430232313743], [17.273415459324692], [2.6150008183944085], [59.123687028704865], [52.54767337608827], [49.38968065169864], [25.042073485721527], [96.42397956452604], [26.14213228901011], [54.90293913337547], [16.217885239091878], [11.978437782515117], [36.25971242703662], [88.36068509937624], [66.55417404045893], [75.79705323657835], [73.60333321012257], [6.452122775003022], [30.086096911432637], [7.3806120500680255], [18.27492293053261], [15.333295832313931], [70.25067011252888], [51.74478370313099], [11.759298330384095], [18.269289146376664], [64.59038048900847], [74.550253986675], [5.442913425901708], [53.59208834017628], [20.68660037283532], [73.46755947236602], [4.506073149238066], [45.94618205237481], [80.22526585969896], [29.58195249264275], [9.437292378190232], [14.4191923882245], [71.50739732120755], [71.7272607956378], [43.622315314098195], [40.40709506025547], [22.78395093128134], [48.96821659264865], [96.05639240477768], [17.676718401737347], [86.13510972296842], [42.82811242721966], [47.97386515235114], [80.08965083430326], [54.78815750694896], [72.17677095660497], [72.48000191070189], [98.4268293079986], [70.01263937570477], [15.53752813609467], [20.958910634033646], [67.30879731267223], [95.07193460551687], [61.85403669475761], [45.29157486733393], [54.803518223362424], [73.84576599842312], [96.4869721006032], [98.18991892303674], [96.13077843450976], [23.12951108968846], [0.8041832823724171], [38.600284489342066], [84.79074292801323], [27.69151140604862], [3.662422949054134], [14.011871829956679], [69.97661226384437], [80.15611224171553], [54.67397964836476], [1.9974114745273552], [46.71449410014552], [78.01497307656314], [57.26781281768491], [51.17489675599089], [82.64252702311317], [40.42067821586953], [91.08180367889457], [76.62645477634041], [77.19811946876287], [23.883617822565572], [68.14413395526326], [92.40424018976566], [83.26223050013321], [8.404865724382526], [47.53823718796044], [11.66229396179781], [50.030381110278846], [3.807373045626361], [2.437250971503202], [12.920905914751046], [18.627295451397085], [25.79696758231531], [9.067948436914197], [95.96639372511395], [54.50837852873309], [50.000865181971285], [56.140660370744634], [25.62210588748207], [2.503873867802564], [58.30555695280377], [95.1997437480359], [49.884292578052644], [97.69031506955386], [82.39064059650194], [5.478632654863813], [28.10882198814342], [43.90755264053215], [42.302854921056756], [22.004481513297026], [37.933640453724685], [64.30036458286777], [62.29130691768715], [8.224310171488847], [34.5244786245463], [94.46909105992916], [2.5036116181465506], [19.876913719859203], [26.537232394445766], [37.198645891055804], [47.90433108014284], [14.878726500773997], [95.66258092827832], [67.98429575372424], [26.98269737869855], [69.52275313453681], [28.184679945331702], [73.2468335921613], [85.7629868667615], [60.823044833011394], [95.0688359250848], [71.02231965792714], [69.63557045197177], [83.46753164202761], [96.84450659223744], [26.114825289421017], [51.484148962998056], [87.50423928556413], [48.005852487240944], [23.403654739215618], [3.44634890282981], [97.74480703086667], [81.36467794713084], [26.883225441616254], [36.37294766216077], [87.62783922895288], [77.49553567570095], [74.051849750181], [51.90793164218278], [93.83036646759818], [69.51552808116826], [94.72886282815136], [93.24992670365714], [25.35891427039676], [91.40151816074554], [41.81222771098183], [78.35931065717709], [9.963547470632184], [52.00464243748566], [20.401648405069672], [63.504242290645195], [12.199480870373947], [26.312672179587004], [33.779927413634994], [67.93467244950348], [34.69987135291371], [8.21046965273834], [17.934051306408172], [79.79897053394565], [86.1158829966483], [48.718142957801604], [65.53986156412093], [6.001539295771508], [54.34644559455021], [77.2330747056746], [64.43164153657062], [89.9346646339887], [71.75926261317993], [26.821273614066342], [45.55158878830448], [54.82221108543223], [31.096301651352487], [86.28802813785998], [58.32202697713625], [45.11717472465321], [42.84701617528874], [84.73197834284049], [30.357222133046946], [27.536306693309665], [60.74774911903344], [93.64661474864342], [23.471220314698215], [23.112606416901272], [52.40960534821464], [11.92327815911992], [8.576440609338587], [34.84157758241581], [65.21490689644908], [74.2226370473946], [15.10192293698811], [66.2605476979864], [19.623632898797304], [47.42280431663804], [70.24551400286015], [6.913856034609611], [8.136736152751144], [94.68746699004882], [97.56661577260675], [50.266068412619106], [51.235039943114714], [79.17512032948186], [25.2490901936827], [68.7898826974749], [30.541296313217657], [23.870533243640157], [96.30144464113914], [14.433221714063816], [97.94039369402822], [91.74235366046902], [94.9358440185389], [13.917684721145351], [20.118642317966064], [87.34573815693952], [65.43680007681346], [69.03461782176484], [92.87520677690712], [32.64946624858377], [10.557456646644358], [46.95918443549958], [13.11609607096943], [97.52039943137653], [90.62271578931383], [23.928466546598635], [1.6316545750771128], [13.245325708779932], [86.98858844828109], [68.0205950438376], [60.5021684259221], [19.180220713597574], [56.58936767442854], [45.790642285484005], [80.47785368376597], [15.994642794640512], [77.6201902754249], [93.4781466969735], [52.516901888555914], [58.19217210816841], [11.365956859403681], [17.489237322644446], [53.538328960513404], [58.713451959702766], [38.42934007373342], [37.41367412009197], [88.44041836816629], [99.85647099952575], [79.66643334592244], [29.036545336133756], [95.32332995101802], [6.679931157204577], [72.19287683372953], [71.88307131783137], [58.17446168571794], [61.15885213614241], [71.49780989953479]], "Component2_Metric1": [[50.39752389845159], [16.911441380223035], [25.589792915065612], [68.24436428686309], [83.91751952951219], [97.14354310891736], [54.77397364163523], [57.12041293209439], [58.02534154554362], [97.72149513489047], [93.44287018687567], [90.13211546691296], [54.85779558345991], [89.15829060932023], [72.88426384409796], [63.3131527928672], [62.17942273364936], [99.01660842874158], [80.45081433616078], [14.738971766512933], [94.23946200918527], [61.90439259772917], [92.17473604488471], [14.505438334683518], [64.9363434642917], [28.230703233254573], [50.49886941899705], [17.31227238679145], [99.34183861264636], [53.347071784972485], [19.63750183280315], [60.23496907820738], [47.261255819262296], [64.44163847908973], [2.572774263501665], [16.516664809924087], [43.97135394815924], [19.47616031323769], [33.26060316166847], [98.51792428367929], [12.015901968142762], [81.76746939757187], [61.8770413875787], [35.557698502228355], [32.77499097402221], [82.22087453571575], [87.46138425158509], [86.80190780290037], [66.81758536764032], [87.14904016816341], [44.06643492724805], [51.86904049310005], [95.03371234500659], [45.28217859061385], [59.43304737236008], [35.17562207754585], [48.15758595480112], [5.093042680270676], [1.2455275212878925], [67.62041290906478], [38.38169589826329], [54.7731374330689], [28.472506172244906], [7.3774897230994725], [96.34876108096822], [44.89982722908672], [41.11713016760562], [25.250761856071712], [4.106386725829547], [33.79373098944753], [3.309094890607178], [12.192047982822674], [20.617599418593624], [82.31952051476887], [60.53659295604764], [11.435494287381974], [94.010917692655], [55.09183164535225], [37.41421237458413], [82.90872687274552], [71.12368636841245], [54.78072716205757], [82.79897059795596], [90.65963951557347], [25.773387319942444], [20.88343494817153], [31.940297176198563], [43.79118132628614], [42.13203562261477], [41.91928683381606], [26.094289668435934], [31.561807725210645], [42.8702816826551], [90.95332110772212], [69.16214023597828], [76.71815713107547], [77.48752570849952], [92.97560069330267], [14.31355497460336], [38.14706263125428], [34.01783491216622], [57.5042898434181], [10.463117225706398], [33.42208829530825], [30.201587628162564], [33.15357911278329], [56.74073441676596], [67.17114812613585], [14.009068087267062], [3.845537874547933], [0.8631505879158952], [57.55624615367485], [83.84143744416215], [64.56390473900724], [92.6131527129687], [44.705101845588004], [31.28007768413402], [77.22089776026559], [87.65142384025253], [77.08470963876788], [48.41086219496358], [5.060265044865631], [75.72277622950907], [30.6686397662046], [12.555765087240921], [23.528182973555968], [79.03263199719439], [23.036404069907768], [30.43824068112062], [12.490844998803418], [68.23795676498979], [48.074298793477766], [95.04696184060086], [40.893811372338384], [34.27281812789481], [82.78798260689955], [99.46999950823682], [93.02726973476948], [52.51758110729661], [29.890360856481735], [95.30339006338895], [27.75403803005707], [74.14143415012684], [25.2630843923094], [88.83346465947038], [62.45886768829272], [77.78032911753013], [21.501485878009262], [61.65097835065294], [94.99349169290205], [0.7459460938043505], [53.73125093300346], [72.71379722108084], [8.297921742574221], [41.96018357503512], [43.37674011313312], [95.0721665607166], [93.11154298730575], [36.74191055354865], [21.774029624045667], [57.744084924379955], [13.485470212886508], [54.28965971345866], [39.44915025624107], [97.64998930406415], [33.28632291668294], [19.030841463159465], [26.255242283194413], [92.43695186923723], [71.88912247105705], [44.902145185736984], [77.64869390138294], [99.16423983063065], [25.875387224156434], [80.88475813661667], [79.03412166210533], [65.83998658931068], [77.41943066608552], [21.2331381245221], [38.188632262635124], [82.00902596571979], [32.3342301514278], [31.871623067260646], [57.23682559152], [1.7327702337301965], [9.910340213264702], [12.175372712116506], [27.828387457684556], [94.39316454721816], [4.685520725469516], [48.95703236939644], [63.133530840132835], [15.741792756405982], [73.20456930632213], [34.683456891661066], [14.338301097970529], [99.95895529038675], [42.219164559058974], [27.979031270734676], [41.40396436874322], [61.481557644865426], [31.64770888420151], [15.356097372780475], [47.34281732254517], [81.51583328218275], [44.98073237065725], [65.63184215038447], [60.1601597353852], [28.130244759205347], [20.971351854661147], [32.81085512946225], [99.52324079146221], [38.62858529824207], [88.25977864225803], [80.33974729184763], [62.47421561944616], [44.19921606094013], [24.974798628617766], [2.062987777334868], [1.5310217182567754], [88.99667751658929], [78.03081346556353], [9.17111799396988], [63.93940909508711], [61.76810840831192], [21.006663104567224], [21.23556378497369], [10.947542356149542], [83.29374271094473], [88.30289919972326], [56.28843629947388], [18.609432345641054], [64.65127962083557], [77.18851475643584], [53.20735615002148], [70.29039262113889], [25.99900347496157], [89.57063148615269], [97.23058691589944], [56.28588122517893], [37.25610907340796], [45.88522684445366], [2.0586914364374542], [25.495109663444204], [52.37436242227561], [59.60755696971795], [96.57294673761527], [62.51214174939318], [20.134343233737884], [12.192035524095612], [9.29203295554708], [5.9541094569307], [40.68804910812979], [60.244239698183634], [73.36035593869829], [66.22407249880534], [12.778542118049085], [36.22342233354796], [39.177428352235246], [66.29069876016193], [99.90379210286227], [17.25958130198395], [68.14065359147683], [11.534540649335023], [63.70478927686013], [49.79301686648171], [2.9772512750451674], [21.607976702564002], [69.01222433743797], [12.58331095293952], [62.93134684336636], [10.261843218909439], [61.89743336644852], [79.75617405155498], [67.2620178958619], [74.84790606188639], [69.42052685544976], [38.001883308808296], [68.23189564574386], [58.17253416394587], [80.65821171390273], [6.906087768397051], [20.287941141746334], [53.61329314902593], [67.30607794562502], [16.66953905441728], [58.54462610964871], [72.29696667550908], [25.35244439727412], [7.979805307039333], [87.0363184882953], [88.87423266424082], [82.48685046134597], [14.324357922789478], [3.2220896324268278], [3.480457622327726], [67.37668072004618], [9.024629238492787], [78.6372585399828], [30.727255643618324], [73.64295857834675], [16.812953614922822], [5.809226497774356], [19.36969867160483], [98.34670597905642], [93.16868171220742], [49.707170229414096], [45.998736768744784], [29.714542795614985], [94.71037234850644], [38.967512986128625], [83.77882143252536], [59.291599438388666], [11.023764074818432], [90.9200770803438], [24.396957358612546], [46.13548437505058], [18.612222966251657], [22.358485589459686], [62.14381099313705], [98.0083639626516], [60.94494070457296], [52.48505038919538], [18.74733544554329], [36.68954526325782], [68.91722004676475], [47.574854635406496], [79.64801280307789], [2.225845962532369], [25.157530272382555], [46.53459398599763], [90.94171710928845], [69.99393988140412], [16.058427980928936], [68.50536092440744], [3.497164056175417], [2.7350692239994423], [66.93103547415579], [13.988128547043143], [48.23842976189617], [73.50032663812453], [57.22504778779361], [31.152689770384224], [14.222803216483715], [45.40120252857576], [48.19098650203707], [7.119374038205583], [50.032439399022365], [18.541126339360158], [41.584218903568946], [23.549648829973847], [95.58287420842947], [35.58463305687333], [92.158896230791], [59.737521423749826], [15.772848304937781], [27.308367931947785], [23.383953476760453], [25.91162463665414], [97.21772309729688], [73.80221564144124], [97.22753381821937], [72.11637936222833], [16.350790775444104], [36.96698111177768], [0.4193710316776955], [30.0765241859013], [3.9449298993672444], [69.4913029432866], [37.57223390052255], [26.227908552095723], [16.49982502051156], [69.23242041252125], [94.92600782681949], [63.17473656241736], [45.98306999741028], [94.600574092359], [37.19311712102815], [82.48158810636558], [26.91939581173839], [82.09666793527846], [4.652866096206976], [71.02287532573966], [65.69157692438857], [46.51496450956098], [28.055779387970937], [82.43050734962438], [77.83201331765596], [98.28841336963907], [5.858642963215055], [74.45096176631756], [13.269605094389947], [78.0019813319341], [38.33433209202271], [5.888253013736122], [13.921605226090506], [35.14144421061089], [28.55055394324655], [19.033592879322146], [96.0554520085089], [72.74277181439872], [31.573134638162625], [1.910891068784204], [62.067213367656436], [41.394492884007185], [41.396484357518936], [43.33089619228654], [20.851276988363132], [0.8208334201753376], [18.749762627865074], [26.65521989272387], [76.69599842157126], [5.025779295036892], [39.42418697385332], [54.6396956179488], [11.677727650753688], [52.970411337922954], [34.626867316955334], [61.66905892012486], [67.96756792839318], [69.47416282925711], [97.39648608511278], [8.444548538203822], [7.317376701765554], [91.55070965147074], [96.43494557838767], [34.11368404857528], [63.51054388047167], [90.1025755193146], [33.16841294252956], [38.5669529678363], [82.17979291422871], [73.0434278414981], [61.59592957410989], [45.693244915714274], [59.98739258875154], [52.829584506966256], [88.2314737502291], [18.613952356664853], [15.214419027799098], [85.6720179942572], [22.845103116089895], [18.476243787369906], [94.24945669601126], [18.438783636735078], [78.49166631539083], [72.78411540426063], [65.42358829946473], [56.59806044044481], [21.340660536770663], [79.9994494654694], [68.92710341189759], [43.43538460680353], [41.8850555388776], [40.835451214320415], [6.635885419199939], [15.749461322292968], [40.51779909255957], [93.88122223332044], [92.95929657600936], [93.67995326495573], [22.755526546431216], [17.80535746989913], [81.19107198559176], [87.18348524893563], [20.155707792318754], [78.74274527789787], [52.6080353857473], [55.98225697295246], [91.37622442130522], [68.08043081882948], [86.49565838855436], [84.85542528478915], [98.88635075257069], [67.62962230644298], [33.614060487880984], [12.406237335751625], [76.95670532046903], [63.42941530942172], [29.440123092225257], [51.51177261902098], [42.23483703498262], [64.57492085489113], [42.254317961327374], [71.02907570092475], [0.5460582770286493], [80.58218407672989], [64.87931517619381], [52.958957258606496], [6.444688550062539], [85.05130356737862], [43.456491733397584], [21.062246984830967], [99.2460002765691], [44.659401054666304], [15.105922954378059], [34.41729940946665], [15.802920038119229], [55.168357644981114], [51.43733448984339], [78.26354689661821], [45.278467965541935], [70.1275823209584], [92.77634988505233], [74.233055472073], [73.21163510160432], [24.42509518871596], [77.11327678828901], [16.71190460782106], [18.890917658982243], [0.6882992010725508], [26.674708184231044], [48.307102300935334], [51.61284237221362], [79.98102843950653], [59.71371324836778], [68.39850662880535], [79.1389073507252], [18.88948399872258], [48.584742596899844], [16.19341667648588], [22.44143078482068], [27.046116731103275], [7.3707080446242195], [55.5362362783278], [83.67357529777486], [24.263305242423417], [33.23688086768235], [83.19215044340909], [26.559912490920333], [77.49266036129995], [14.839300594290938], [30.246177294468612], [17.063697597053253], [87.4755536737357], [4.756241339083989], [55.84282984335864], [30.11552470029173], [64.0329988676134], [1.338453880009649], [53.08561045577274], [94.22655886607116], [59.297244392187686], [99.7952311325363], [46.58613781231752], [54.969846685708426], [28.159415807709287], [62.16053931369711], [27.683925499122786], [26.72866054837738], [63.66790617997994], [15.107387203511136], [37.69871743200317], [28.53232078625104], [42.682821437297534], [65.78635729272577], [78.8171285965236], [5.82973055038366], [3.2668905852695995], [17.531138477314713], [19.459768296968992], [22.12914057914357], [33.48262156867935], [9.949011794364516], [86.5202783278629], [32.170175780278896], [48.30033141610315], [49.41534321065079], [81.44276924237313], [28.9106441495387], [37.28721955489124], [81.23258357009125], [6.187089758686037], [20.172458169941475], [10.25197305852964], [31.92405204040285], [61.98595448772293], [22.209882792004542], [22.146258580278065], [6.483450492276788], [79.00111990559256], [24.61412369115625], [45.03903007015021], [11.341703168191565], [88.85337439015198], [72.03294278020816], [19.70869534674509], [39.86121594353504], [54.473862531497716], [84.72259881840243], [4.611222173724361], [41.54414341384689], [93.3733930713207], [44.024245074587775], [4.815950267304736], [19.674471591932363], [53.7376780261446], [83.86338421268862], [16.935862729001872], [44.689999026080685], [75.99071081671465], [32.430739981839615], [59.82935823519223], [61.72828899851828], [46.730298665453], [53.84647632151419], [80.80555868490511], [41.72183771954777], [59.17524116512095], [96.81247934395697], [64.8149839748213], [17.193394109371084], [35.92667227575451], [29.995701529002538], [99.76341178327898], [58.90626496489752], [55.7845572150752], [7.13458416506092], [34.8553164984075], [67.93934522412292], [13.150076280817501], [98.77253369735647], [9.877073505698796], [22.49983173289062], [84.07914953143899], [78.53089589692215], [73.16603908217537], [28.944576582934545], [5.9531799706442285], [11.32424119706843], [85.74568339848977], [62.38583945254388], [18.79386496541927], [62.55308950881779], [32.89367857599193], [10.262768868303795], [9.922317638650636], [41.48300337030061], [95.13932899617514], [88.38116882064017], [69.37301081316161], [50.61667924453853], [97.117223696098], [22.551994374416584], [14.79176048082358], [21.191288550726306], [38.69712967156247], [87.49837350441693], [59.85200214419337], [30.14947758570684], [11.52034379872433], [13.085071330302533], [15.020017683307552], [16.940034541570114], [66.26851939464112], [95.35270070304158], [24.665163763718002], [16.701113174843297], [95.60206690405857], [98.2168209295155], [18.68985228019284], [66.85496987469544], [4.906130172131795], [67.25783945011294], [16.029139881491105], [77.23012989826294], [25.51790199979208], [93.09966478216258], [69.29264193326969], [11.050623213686494], [25.398157712735237], [67.10597162362444], [13.289709090998302], [96.86371667093869], [82.59915584541208], [53.06289453568467], [5.377233869327746], [47.31955956348987], [25.091655902961453], [48.2057820183552], [37.15206348629741], [30.882556565004904], [45.959251783471814], [86.87598080294534], [69.13843175469272], [8.689005351628133], [63.82208641186963], [38.701925473195786], [53.73767060841676], [19.768241665899623], [27.497967646925858], [33.12566060235709], [73.00988760781587], [66.24288708244418], [75.29715964417876], [55.816168307987134], [31.529405487868512], [55.241295773557276], [60.47108662494281], [66.28063629693986], [61.53912644708065], [23.341307445574344], [92.1739888955488], [26.13140463518916], [60.100569826880765], [75.59221113081232], [88.02359386035093], [18.775591117444744], [70.05673759903866], [51.62777647161043], [32.718649554928334], [98.42823401254213], [3.8712410454305624], [63.118068061738995], [89.88812032266023], [65.093446480289], [60.527402173873654], [69.80000134764033], [44.16270447339168], [93.45691233223197], [71.82395700939713], [16.698173234173908], [64.44606994749329], [12.706894699113525], [70.47825935860156], [64.94700932418135], [95.47793104812067], [28.452026696026913], [51.822156991276536], [17.410002121180778], [77.40891796860068], [17.65386395991898], [34.9733054401399], [78.48614058512699], [36.814521366743705], [2.829758541982441], [30.078052332526006], [58.54430359705462], [50.567688272457424], [51.10594276475169], [23.778917234838147], [58.27260986422568], [8.888254885034996], [34.967639997215905], [37.09800470980406], [65.8782818945628], [6.292774128670276], [21.726931794432], [73.39606823258502], [67.14629622036587], [49.36446100380378], [62.54839585594786], [66.02021910199772], [68.2239807428694], [97.16005132009553], [75.05869718157575], [1.8223178605616952], [95.6163336289587], [61.10772756378009], [52.65071721298153], [91.44206049472395], [97.52389962991384], [29.456934213024955], [0.9705635126739498], [13.282258333475927], [34.26822904260928], [74.02319905571258], [67.09719947655016], [85.12080993946162], [60.42603340881754], [1.2538883827122205], [28.451198058272197], [84.57933209302138], [78.89496319880979], [92.30478090621108], [1.2337622385320768], [42.42315978825326], [4.392652520373641], [28.960877473378087], [55.52729264731667], [86.36777862659676], [61.9239249128595], [38.734025870596746], [85.06143204527966], [31.415404071586007], [30.15970543151887], [8.47083295435639], [22.196626907934338], [43.37233026081104], [14.524665608851972], [0.4978728169488078], [29.99318296595216], [54.859151642020784], [96.68722090329874], [42.04665034452192], [30.45605119104976], [89.8780295498862], [4.579019021181474], [51.91371630761916], [84.22363582930387], [72.4425056458121], [31.522989228531294], [76.57210965006261], [89.59821657330227], [56.44639654120699], [41.487241454171574], [1.8029995001508592], [82.96409046923347], [82.69893467484182], [26.81085256199186], [68.11819920133075], [43.53966265727121], [25.272847440891343], [26.278440669496828], [79.16576741941229], [4.262033224474127], [74.83145035967704], [48.24237257149036], [46.81811841109889], [19.87397975321825], [57.15162580662434], [2.5984916899403965], [81.94968944207885], [60.731045597617104], [91.01691509584933], [12.454095318320412], [3.376200062157564], [7.484697316340183], [60.69721126342421], [69.39596106159539], [90.41768945912949], [24.11522160433577], [61.32925223723484], [77.75006837966649], [95.56276291440273], [0.3640302386339944], [75.94667407072315], [74.8797015820537], [41.950627088584994], [0.530593910815591], [27.023943926031446], [42.00388627951085], [41.45455345805614], [23.761718051695713], [88.49122106323007], [66.88151425632302], [69.1934745489617], [16.30685218743533], [48.45821588369839], [58.84984302017965], [66.40384087378062], [89.10602246473914], [97.35577663973729], [56.0066474280209], [58.0910766135896], [62.67644620824194], [53.15949074980673], [26.698761062404408], [40.507792002927026], [0.7585061264455351], [35.89048154038218], [41.78262426540223], [69.31585183009659], [34.522975362996874], [30.958191265148262], [14.071562132660521], [36.4221114771107], [90.88379532054537], [46.89647308334014], [63.945376388318884], [92.98115297094837], [46.06655707846794], [32.90510556213335], [71.67026078295972], [87.6555513528373], [89.13765172620933], [6.105405040182599], [92.2088873495284], [71.30163770743752], [33.21859291979271], [88.87404508662061], [6.042156322945413], [41.5903651209788], [23.87413302158391], [88.19291190087509], [53.941990601434654], [69.36551201463277], [34.49132699138689], [85.67660910793963], [23.352136898140465], [77.31869506917232], [2.4917344997438473], [20.41591926653794], [36.070254877776705], [30.611395571649634], [61.808693113209124], [97.47979367986305], [16.073279015673158], [38.39796083440745], [12.727758853521266], [57.3947729945593], [47.64452878136613], [73.49927244594888], [41.36520906182588], [78.820865835899], [4.581015945902456], [57.465377772427985], [61.64005424589718], [85.47703235928098], [45.862093983601795], [88.59207649894161], [96.76659563556267], [29.369041403156928], [50.88263784334899], [19.24644243121457], [6.805106308377484], [44.25683995939551], [14.373326819372267], [52.50308314767138], [70.3291074761919], [68.86670260949602], [10.149754382006781], [19.479177708770546], [45.57438680587994], [11.206654783861003], [64.38730761027124], [80.21570901544622], [59.89921822438602], [12.523494951677872], [55.83064073674967], [70.2422503502828], [90.29483908204148], [22.288329411540953], [35.87559851521319], [5.957111045983698], [6.910477100004875], [82.34047033386432], [82.76332468032192], [71.75496710788795], [69.7855556979128], [75.17078723570646], [31.957257818950534], [49.883262910041196], [3.436896834524872], [5.87565326344055], [7.672192031143233], [94.21528597625385], [72.51686396705664], [96.7243866464745], [83.71057713830055], [91.1609190206849], [31.6080172642896], [4.679625847222468], [68.98821159416151], [49.70887626211078], [35.80336538575054], [79.25184780714225], [43.285592398087736], [32.38308068423373], [49.56643082524293], [79.37519321260187], [20.787983351146412], [95.12178679203178], [49.82513244579027], [93.87263129139511], [78.3227914672578], [42.523421813746566], [8.345510771496556], [95.3587124118323], [25.654068478260438], [38.258974173650614], [70.84006612195911], [64.66452008826177], [9.140906605557353], [35.094338124807635], [0.09619245697410905], [66.98711081094257], [97.88093224006882], [99.34403548338817], [13.65281893709749], [47.585866979954005], [27.148759400027934], [40.554699640050806], [71.31726670575722], [9.681544974309485], [7.179491540611183], [28.466988322586207], [60.33824076828924], [27.56616367574778], [57.56479071130305], [14.148114484453856], [62.30680867270174], [40.43022049572009], [61.4661039749414], [89.41817959861342], [49.49939823683047], [18.262483745285817], [76.17281360300555], [48.25711892663954], [52.06976545661332]], "Component3_Metric1": [[3.6392930291217263], [58.244117945563424], [89.56378577876754], [57.91309024186339], [96.44379598250401], [46.735756956431985], [46.19644108804554], [88.07240021508333], [66.56623481789462], [57.824650561615535], [68.41378882730108], [88.182193110869], [46.48985445033445], [23.931695921770547], [43.88391430677694], [39.45273992863664], [77.92035836487172], [39.41294955626093], [20.96767486095733], [47.836451856740894], [45.030130951771326], [67.77107953567081], [77.32465100228288], [29.53968584839719], [40.0022504511461], [17.77088549022896], [56.5423608525527], [3.733129321636963], [13.47780115874082], [51.93191212918178], [71.14687132572098], [2.3539881777469684], [57.467077459562056], [31.469982074172375], [29.145330425728446], [54.80025533435848], [12.916226319273893], [82.95186416987451], [72.2653703817431], [86.98626100699319], [47.703262207730276], [55.13156328339489], [17.51122612819752], [88.4573265587754], [69.92766224339417], [66.86295341755053], [24.021515226710875], [74.66482857481735], [97.48380306905788], [2.738242551871628], [9.961418618835205], [58.51467142175447], [65.30768827695348], [98.27207894731312], [17.56044169849713], [53.931269593264645], [50.94172434843634], [48.19023959153439], [34.035427206071404], [35.89099879504262], [65.92601562464904], [19.330701082258507], [52.46663777720766], [41.69668618678135], [72.51257152161794], [81.30767076431789], [48.904409273344505], [50.91026839733581], [51.01101827890311], [78.51939803649117], [16.85861003826861], [53.312463593661384], [30.22685294480364], [20.858413109232664], [49.86663332416501], [78.7480122250381], [66.23035573244422], [93.89318660167113], [88.66041492216176], [88.69739251400051], [64.7466978554713], [59.66104740500449], [63.590725153434555], [6.346408821558169], [30.36080155437453], [82.00181614974413], [17.74562386933668], [62.86686363695946], [41.86165132666101], [88.17730204029597], [53.195248045141575], [70.33706955440438], [41.62045261731658], [56.737487195786976], [86.33573981449975], [50.611196850181315], [73.33136628787439], [97.35488939091398], [0.01663002811376213], [91.31379791202976], [64.59748049145767], [32.31447139750463], [93.87989866285643], [63.47156562587178], [50.79779341898679], [33.14621926333419], [55.76458359513039], [27.188070068312776], [15.494858680538414], [11.218547211901553], [47.22464075541403], [40.353219291731776], [61.995703385814004], [22.074521453380967], [34.9541819514697], [29.699662084868407], [41.29250461887452], [91.6538076893104], [13.557474200577179], [52.65663421511718], [91.27132344277823], [65.84866801361], [48.432521052338814], [29.410349857199158], [66.5303077765406], [47.72354871480504], [86.31228274663626], [60.1705745797253], [73.93838082959091], [42.50996412921406], [0.7227576596722796], [9.093010715577565], [59.26141757322283], [14.152124511059416], [93.17223020030922], [64.2072270181964], [18.407211460583305], [87.23972131513474], [21.70549683868861], [64.7621503910031], [24.853214853852045], [82.99554947333175], [72.62600762730511], [37.96706147071961], [58.482061805423626], [75.53941282995605], [37.30220031888381], [6.417097188998944], [53.26284970578386], [8.45390923696927], [64.9972220000951], [0.3102479703540828], [89.38531684554722], [71.19990134855581], [13.375456165289412], [31.13090605787002], [97.50267210504173], [1.1209821788539465], [59.46004458205076], [72.27416715512992], [11.1630836863296], [32.916578920703785], [23.06606982547401], [68.64888222016953], [25.99557298359795], [27.240253121381997], [37.02343618912497], [79.5018233706165], [41.30571677528222], [27.172249174970265], [89.28791332489673], [6.223314410685354], [1.7634943310739115], [68.63237746159855], [75.6978139870158], [43.95096355023524], [85.427086949815], [4.066424977024075], [69.60943696603768], [8.603570859223009], [61.430585610827585], [57.45530471260656], [91.577868720291], [7.3899088325366735], [86.61529137345102], [9.52046337454382], [2.7318402702601996], [20.71121192760177], [51.887088886874544], [2.4267766721020156], [19.300627798951442], [14.835955355755582], [34.21458142570024], [34.279414047719825], [71.0888551665081], [20.350374718672292], [63.51702744238158], [99.42966322586977], [7.165754149191262], [2.165578677047064], [9.972424608364571], [82.50948176398762], [65.16664295120891], [73.22034233616984], [37.938864885822774], [1.1513859294817408], [36.92238292734101], [38.113775109952996], [70.00599902261526], [92.45760529701815], [66.1066737435512], [18.317910890168477], [77.90357365028025], [70.29535902239921], [56.11850411040825], [15.058620727622118], [14.716277704864723], [61.47865899440188], [53.79192489095277], [22.35934318240154], [78.04870855854426], [83.6709921672043], [35.76490742136523], [12.179681357374772], [89.37142028097688], [27.24188610323639], [0.21517412329031815], [91.18139353501917], [51.58714845387825], [58.46325089247214], [22.51836727896087], [85.34006109583015], [61.932177382732725], [18.13584812339457], [15.149284279262364], [94.47745036978581], [77.79656408565805], [89.79727378495022], [49.96646980109374], [36.604182928843656], [64.38400138382534], [20.160157431933822], [24.98520527830378], [55.458050277165206], [79.55169455950015], [1.5265361805207656], [82.10520668474595], [8.263603719706037], [89.08484995071943], [55.60149693781102], [19.64248678562308], [77.44776214054197], [10.57637290894876], [78.51985117032281], [8.13874783117976], [80.34607661013172], [46.00566697074582], [3.4979624217467364], [89.90351517984712], [87.02005290121826], [91.83138880635494], [94.71539601197495], [21.63136933504095], [9.951957577039627], [88.03147803055505], [88.2120194247492], [63.19527735997651], [16.96347995188957], [81.71079978887774], [62.15841507137488], [16.283689938100963], [60.540657535460554], [7.850394150067109], [38.874981540800036], [4.037411285187719], [62.39106801421347], [0.6697364214889423], [62.995233378557124], [84.22393060060392], [52.556503552815435], [23.730755516465052], [59.31758939837669], [45.79743651466872], [19.821755716708054], [56.54275165835345], [4.324188873055923], [43.289245562399906], [65.4002353015335], [44.42019540766231], [60.41276969309993], [68.4720652345189], [92.66886826468793], [60.09906404809939], [22.74761093154979], [20.56860334347389], [72.31052397291626], [16.84558060891893], [53.959733159309145], [5.956610916904726], [84.72791435283673], [84.48444335998788], [1.4420151737067566], [92.38603479285582], [96.42692283844035], [71.03082456026067], [77.54978871364978], [28.539466210851362], [15.03473299625252], [66.06090715085668], [52.32025119565845], [30.95064196137417], [53.09729293582338], [83.52079068757448], [86.57857450646095], [25.614592449392404], [28.741608621101435], [80.11224859745518], [35.307375545979106], [42.73111685959168], [71.8690625926675], [65.28110265582808], [63.56504450054694], [32.686379750421025], [23.90523535259863], [95.9437397184308], [63.47558564504755], [57.801637731583575], [95.15907201484403], [27.324091565718945], [47.35385461595477], [33.64560159188017], [94.86892460481937], [34.26322988775464], [88.57402933151963], [32.14916994384289], [65.59907581645518], [18.21886830851147], [37.74791835511041], [71.51097946857757], [14.761342348354622], [47.30738957550287], [24.279809385926054], [89.94665399013556], [44.902199748595585], [92.38051221625152], [39.12257851210135], [12.936483827541123], [45.571275755820594], [52.294149326747394], [82.31713047466303], [37.35781295592437], [47.891051832948996], [64.27396093683211], [81.25824905053145], [74.78996347703875], [5.18972537186796], [52.41175397554301], [10.20901757419017], [8.465673799189489], [23.94073031466437], [14.775503274987056], [75.5771755436356], [2.572744232342339], [88.25997481359079], [36.604218024071564], [45.5374639303463], [63.96675762548868], [76.96268367801741], [47.167426317065], [1.6960915939627896], [92.80437036392892], [30.301780261212897], [60.51084924797242], [67.18782492082528], [49.75889001085482], [31.48331500843229], [73.10858398165473], [38.60703659660406], [53.44577365280543], [49.71684110545361], [45.79618762850982], [15.367902492622608], [71.90910425458753], [29.83535557301891], [2.4516541072537756], [66.4861067668775], [38.6633493677211], [73.99761999864826], [64.84536397476062], [50.88328033425028], [37.547997698182414], [74.022613450929], [84.22074260779507], [90.18360051182705], [97.91175183926028], [66.82297607459746], [0.8510013905994485], [53.84610396894319], [97.86457295342976], [57.4692403338355], [37.860484061348544], [0.9819771791820808], [58.75707748237433], [27.892175288941], [95.25928061056864], [72.1149664236226], [59.29356867103699], [36.916143321112585], [99.43148921007567], [67.62691459198822], [66.27404694817186], [27.62382547371939], [11.185338761541608], [52.02890977782862], [37.6991543037343], [86.20221454032358], [99.9407021245859], [16.114268580174297], [0.8779017718006044], [77.01217462642882], [23.673531579323193], [98.44209697990274], [18.84762153393833], [31.082611455063102], [68.79438848351694], [57.256719617690756], [47.26634281923287], [85.60199361857515], [38.917730019333355], [12.47458763923297], [89.56631228394937], [78.43366192689722], [43.31473874277586], [89.51480112974383], [65.09559257113614], [48.0074722739382], [87.44190934049328], [12.14384108406852], [6.829193249842824], [69.8071430179755], [14.463377342437244], [34.04176069121766], [90.12720850334989], [96.15783213654069], [78.73090077086485], [41.88695772394296], [85.47969518607808], [3.4894046268135526], [39.44942431691324], [14.988485975435106], [68.97199749523686], [32.14255363399977], [27.503532566977952], [13.231847804097885], [33.89250228288675], [55.12856346277831], [19.498183359839715], [5.998172112195421], [80.3043388199315], [16.16813408397445], [89.07203613737413], [61.18644434516566], [77.38726328316065], [32.56946028519599], [64.14547389063074], [86.61968842666413], [80.48458008054735], [39.37980507038999], [84.3418460639532], [7.947027725564936], [14.889793183282185], [9.29678565658647], [30.604701787809763], [89.32227672560477], [3.5324396591548624], [31.168052540848823], [91.3945148661776], [42.03005757517268], [63.86341937115334], [38.7412849539856], [43.471490466832726], [38.19357615465403], [9.25928563400953], [31.371013496030777], [72.72258237672358], [4.656936970222003], [20.936142917298273], [56.45168558534428], [10.67306665889529], [22.539726451069363], [29.21635691923936], [71.10726685620104], [45.81726161756525], [7.893133009210707], [59.80621150341664], [43.96844574558925], [83.46832370777616], [52.836183724117745], [6.734188777106709], [7.793972054248166], [28.288075805062686], [19.765310701237393], [68.15431581650044], [9.039226822162016], [14.959058182705087], [69.11561932113204], [96.52805777355526], [16.292419894624956], [12.228824348071843], [58.69888941514735], [8.778692733640103], [2.636573577567769], [45.386090458510154], [74.06555444711557], [14.657038984452575], [9.471616152014617], [97.71157565673073], [44.62350677714867], [27.45082357822216], [6.862514389766316], [71.31934854915352], [75.32565572543037], [49.863139086570705], [81.30510734104894], [96.11030795964712], [71.41541565225836], [2.2139075167819655], [0.6642742342629737], [44.712833698952245], [62.12108091204056], [21.529717788591498], [91.66947190209109], [6.640104738901931], [6.997984883883557], [21.199520196965516], [56.80271356835962], [75.72596646455649], [23.265078709952057], [6.7067426942821085], [40.29672075570863], [21.14979779683085], [92.73246517554274], [35.85110412380301], [40.2102750560416], [19.675680838431], [69.64036761619502], [56.18496611734292], [70.94586274189719], [91.05197221877613], [78.84053057396447], [30.56168994808437], [77.25128537298899], [6.114394324883365], [61.367115189848064], [52.900812664363336], [41.59655032866759], [45.903531222345705], [81.26375387450557], [53.190978932780865], [18.62432023935654], [84.07076995448114], [17.598004887259012], [71.3831224153352], [17.236377360075284], [36.069175607528805], [45.712335401817285], [36.47334743325024], [15.107315056226089], [39.9857594345595], [55.27666279000086], [92.18035296239428], [8.186792655236063], [18.55340395175632], [30.999537586862946], [38.77974367007345], [15.937392852991206], [78.08879378835104], [42.51532338070412], [46.405358237334724], [64.47039072577611], [43.22125922285473], [38.13683836412829], [59.20404741436647], [90.59841062349588], [47.19688187194907], [96.17181404242241], [56.094199892413], [66.09564443340223], [31.21691922300396], [57.27903411994316], [25.522215817784044], [60.01478957218739], [37.18127379742029], [78.52061480384424], [4.1592388765326564], [64.49606153584728], [22.08999357377869], [7.570887044095532], [66.6270469416279], [13.867895342391702], [61.268062778425715], [27.69124026377763], [16.158374558919476], [78.3150804634971], [8.918900298662646], [35.21753979582418], [26.826040040175513], [11.629981274122292], [6.224827442345648], [82.08322249312369], [39.39774391091443], [64.75059195466025], [28.658037964061823], [39.710884744403415], [81.57818012571971], [22.520717448896978], [95.43116409444701], [37.151951110935485], [69.23151409432549], [92.226480283681], [10.710808580212039], [61.158176277241886], [47.11178852915033], [56.13868466277611], [38.04721661630831], [3.850181767905514], [13.270729659883674], [99.3817828090163], [31.278838877289306], [59.01263459058713], [21.880255485593846], [0.16634942924848017], [93.48940747875383], [10.45482957790329], [62.054323715816636], [50.64241598629429], [41.89559102002669], [36.85997114974732], [93.30521181606338], [47.57355013416124], [26.28016570168358], [5.030482723315977], [34.088274306212526], [67.48673585189378], [77.35598228959752], [99.70812306076506], [97.84263947397962], [11.579653382558897], [6.937308817616595], [79.94155874658392], [34.61137658235375], [15.910488980719284], [3.8672168129610274], [11.162231689201663], [18.4674594905475], [23.14025867884594], [45.60026029743774], [46.11388067630915], [95.11636904988706], [89.31536668574809], [14.16983402169355], [34.17484967777739], [58.7856302905872], [29.456707387742608], [38.340502590998526], [79.63164071073756], [25.699090577597538], [88.64768862320325], [45.38584153359694], [58.59593274899283], [64.9397036768207], [78.36061718575223], [58.17390254877773], [74.40586666848313], [40.82728319276485], [18.05693544287911], [73.21823258632915], [88.08656819025694], [65.34390418511384], [21.346151234682466], [35.3358125693388], [43.05972134893459], [12.365047153815922], [75.90852626174389], [42.59119186973337], [75.46371730947494], [51.51576587603345], [59.53647675699032], [63.21953896052642], [97.74232390529414], [61.3576971750925], [22.33374404944962], [2.004220444008664], [61.47202336676485], [8.751328594192476], [84.6517364864933], [48.18428943966474], [21.153304073610325], [21.24658280200723], [90.50879981247341], [58.335965714403045], [40.959324644187475], [77.78719230387921], [63.65511045048251], [28.30736608769725], [14.752707898394203], [21.690319712494922], [18.783085704362534], [48.18225694922377], [45.22832931238049], [10.401664573831082], [70.9963033826631], [80.54681028620114], [56.88187836024342], [30.925500666151972], [92.77658537990357], [17.700417542330072], [14.794267131732441], [42.37003303799857], [22.563220059815958], [51.380271634318696], [70.28793632308482], [77.80849366755994], [60.36407826630944], [81.70828736486612], [65.81600992588149], [68.59706431591282], [70.06080071179863], [54.50433879894736], [18.34261148875275], [76.87666716535652], [32.89063854664548], [33.69364970934614], [82.57591008739894], [46.992618171828894], [66.26131518790939], [77.47048008330476], [65.64015617977559], [94.47818614714808], [57.95913843005571], [20.357417800605415], [89.18689848651418], [71.10404699285007], [95.47454234455257], [93.2009106314136], [42.44326129672653], [11.790043106327651], [79.67265457009837], [13.201176921371061], [83.87503219022977], [81.3985432799165], [77.8615617323488], [92.18374502351956], [24.11780809730315], [8.102220324279386], [7.406963863638527], [16.629644422184565], [89.64920333001291], [13.88131816488668], [98.4661406863787], [70.91878658876729], [12.319890604644135], [2.376767660853829], [79.7282639650187], [3.4895267825681198], [2.856928586232066], [62.68569233241526], [98.92336405211877], [72.81085887912022], [19.948497842064363], [89.5423619052392], [83.42827253316723], [39.80205353096987], [46.92597310942587], [48.06007674888511], [92.64708283819255], [56.71742651668947], [82.11741229948517], [1.5142441208688462], [23.090677088375855], [73.62920561956263], [28.360471310505876], [87.22224273015205], [90.69865160444994], [38.14925566264612], [0.6583213629378859], [18.3468295643884], [18.876556874488635], [0.772938214051766], [96.61192750393135], [45.43888342271364], [36.92111809116662], [27.70339513260911], [19.704194682911503], [75.8841287974749], [84.52853567186101], [47.055112870239704], [63.14940203687735], [83.850509538632], [43.747584256532036], [68.68635180328717], [74.0846363080468], [5.284739322903665], [86.46217311755143], [99.35623352617121], [78.05676917289824], [65.39172378274387], [70.01578317778257], [14.804886945038042], [97.35204835987035], [33.72569015243382], [94.49841575120459], [19.33366129224311], [0.14060460039672096], [87.88269397765947], [1.5963085044447989], [42.86857996730904], [10.68353795563386], [17.814292635990338], [29.382301146945377], [81.74750909223467], [16.21221761124255], [14.04839822261027], [3.9067378411877574], [6.743473774038455], [18.568725417604536], [44.8506860017687], [88.50649557824968], [29.83339568298824], [33.56364283822694], [88.45220141141643], [79.91049179523411], [65.58000397436803], [69.66423841007283], [5.06012478196528], [65.97567261276312], [2.723009276178645], [3.4341652996575323], [98.39632708859185], [40.27376042987031], [98.22030292016532], [79.22070116494329], [52.01050094252659], [0.5511132796396812], [58.10889801090783], [69.8649809240786], [89.91293070422735], [43.09764298862069], [30.9844529321177], [67.26228277536075], [61.49667710388491], [22.115354633588236], [58.06608918926022], [77.00312218095576], [6.338350425765194], [99.96859024872423], [72.24496175232531], [68.261474150809], [54.59230264413571], [81.2604030514571], [78.79849179423786], [71.26603128336254], [42.703801758954505], [70.67713832761893], [2.7128103986170604], [51.83466376495184], [71.7590722416146], [37.96364700631242], [40.27300961125826], [91.53121969893002], [49.571285982679505], [36.33509625910036], [43.46298711686355], [63.51902239009662], [40.62462884779057], [18.403207861508562], [89.4796315495631], [82.3766867477636], [15.193815368327323], [73.90949553735933], [17.756386668494294], [26.473286203734535], [57.20065559965156], [56.84869697686587], [6.569745318625175], [33.99517182569133], [84.90255649628563], [76.54867607918204], [68.3419896685377], [57.72015871843112], [97.25814398065653], [92.30962107831589], [66.25441808120519], [55.434282875684694], [41.46684763300969], [20.540965310540294], [7.998056535580034], [35.0703227784553], [4.3845747239732225], [10.004135750944753], [16.43022024289378], [67.11093399384168], [47.36176547279381], [60.11663305937191], [11.414003533259221], [80.87501225373582], [79.79972884063046], [0.016814447092239337], [25.34390309102299], [27.843136937053725], [35.04636907564763], [11.570073440814333], [30.005820452098618], [94.75510099367833], [16.88763556865627], [43.87865720666429], [3.1855903510620953], [79.44840054260818], [47.048947043556446], [1.6594373792881645], [25.65788622585957], [54.5304089858732], [72.59376900193834], [58.651884181994696], [3.1579166022228877], [52.23968712604572], [21.83987773982904], [58.030510623375875], [3.695812577085844], [48.60927432735542], [48.431310611618464], [62.30636454223472], [61.71457767416372], [58.16518817556876], [99.09397239576074], [56.836889510648135], [60.826720718288115], [55.91098257799463], [32.47349809894155], [88.58372889345956], [6.625625658851941], [29.522798763235492], [75.21072801291598], [3.386760520080667], [80.94065401527783], [82.62241324335501], [24.113720073890377], [20.206893040415142], [98.68995472394124], [61.28343679516354], [69.59761579275612], [92.60723753868282], [37.08369813440143], [1.3307045508706206], [13.633704701201598], [73.11210844797934], [71.87734726992868], [65.7202871865471], [7.913855718505691], [32.15455841372135], [61.57481910613052], [25.697746635583417], [59.61295580179772], [3.8488426923223407], [2.0222796444489544], [24.196259889043546], [66.95717074912804], [4.622638075272311], [58.264227887607845], [85.65279278873344], [69.77281402056211], [11.800162269608528], [81.63755092242455], [90.16452169974882], [80.88338133320715], [15.820987686093858], [89.59351776034752], [56.58387687621396], [20.061307364452563], [17.667400473392025], [56.18939452624346], [95.84614604693222], [6.095125625326325], [84.11640819585142], [38.587415951265626], [85.47886259540486], [32.760200064047766], [97.59864076882411], [91.04126152937042], [81.51374383671345], [93.01102917282887], [1.3357070965166362], [2.278816354182611], [14.125963527811757], [44.59288241159006], [33.49263408705533], [98.38720128617095], [50.297304366079565], [52.09799299074537], [82.7034879152681]]}
######### INVOCATIONS
[[32.25610334],
 [47.92313109],
 [12.63128138],
 [25.91437418],
 [30.72766774],
 [ 4.51410385],
 [25.18264728],
 [20.43161842],
 [46.71550321],
 [41.92345626],
 [16.18613617],
 [31.87985461],
 [22.37385281],
 [30.03078655],
 [43.23121519],
 [46.36749521],
 [41.21222629],
 [29.3713597 ],
 [14.83577628],
 [ 0.3294012 ],
 [ 8.48083191],
 [ 0.53588869],
 [18.41675098],
 [32.9591183 ],
 [ 8.97624096],
 [ 5.19751933],
 [47.83098694],
 [15.29480988],
 [ 1.1992468 ],
 [29.93578592],
 [41.16270782],
 [21.06982477],
 [16.7993574 ],
 [38.24641284],
 [ 2.81281353],
 [17.4515144 ],
 [27.50401639],
 [ 7.64298018],
 [12.79319501],
 [23.4762857 ],
 [34.43388885],
 [43.56311731],
 [48.51319178],
 [33.13319854],
 [49.6936381 ],
 [23.40179856],
 [ 5.2897606 ],
 [ 2.05685839],
 [17.94696611],
 [48.81624284],
 [19.78996619],
 [45.56484286],
 [25.06339187],
 [22.00589868],
 [18.8471877 ],
 [33.04355154],
 [12.79284505],
 [42.5043914 ],
 [35.09553114],
 [ 7.7713717 ],
 [13.5691971 ],
 [26.05704319],
 [25.91531136],
 [15.70337509],
 [27.34586022],
 [43.33453663],
 [20.17394768],
 [41.90482373],
 [ 2.30837962],
 [36.56724336],
 [25.66251905],
 [ 5.64322574],
 [40.92407885],
 [ 9.01938908],
 [46.19117999],
 [ 9.33955638],
 [14.11326773],
 [13.02908623],
 [ 9.50203586],
 [23.93133918],
 [49.82118784],
 [31.26529942],
 [36.39932414],
 [14.3568554 ],
 [40.46658074],
 [46.51698148],
 [12.10297044],
 [24.12499722],
 [ 7.44440194],
 [24.18747403],
 [48.64297091],
 [16.76217242],
 [18.4346981 ],
 [46.42945412],
 [48.34730301],
 [29.28781564],
 [23.71146529],
 [41.39515594],
 [23.85868836],
 [37.24409612],
 [29.1342827 ],
 [19.61605718],
 [ 8.354103  ],
 [ 7.85551562],
 [46.54123825],
 [47.30206618],
 [ 8.95910275],
 [ 6.7089262 ],
 [49.64777844],
 [ 3.96788171],
 [29.13591608],
 [27.27971278],
 [22.57533203],
 [14.49532753],
 [25.10819853],
 [ 4.3678358 ],
 [27.5347268 ],
 [20.17748273],
 [45.70715986],
 [ 0.05298282],
 [38.44746474],
 [42.28923227],
 [16.49933375],
 [17.55940204],
 [45.02952464],
 [41.77030423],
 [ 0.47052458],
 [13.51117208],
 [19.45826302],
 [13.03077305],
 [17.89011742],
 [22.91228335],
 [11.68189322],
 [17.80890696],
 [43.33371595],
 [35.22549553],
 [18.38792606],
 [ 3.9428884 ],
 [ 5.92561456],
 [43.70853229],
 [18.53015147],
 [29.52297194],
 [ 3.5111317 ],
 [45.95959271],
 [32.70858984],
 [14.00805966],
 [ 0.81926835],
 [29.31969019],
 [29.69908886],
 [ 8.90831956],
 [ 3.54803056],
 [44.69596091],
 [45.43970175],
 [12.53705614],
 [48.26551681],
 [15.62530001],
 [33.44305933],
 [46.33890802],
 [39.6574613 ],
 [15.87067066],
 [46.78660929],
 [28.00883621],
 [23.64356247],
 [40.52983526],
 [ 3.42269381],
 [12.29409557],
 [48.02109023],
 [37.12991166],
 [38.63910202],
 [ 2.26148779],
 [33.27077021],
 [10.94767445],
 [39.73568844],
 [41.29114225],
 [11.41022686],
 [ 7.80109621],
 [ 1.74342091],
 [37.86688895],
 [34.11405574],
 [20.84820299],
 [29.20795641],
 [10.15636487],
 [26.58493484],
 [22.84852969],
 [26.505764  ],
 [34.08716822],
 [ 8.12762176],
 [41.30477767],
 [11.23208841],
 [34.7287858 ],
 [ 3.99728674],
 [13.46992808],
 [ 2.82733826],
 [22.19597491],
 [11.07634154],
 [38.4499015 ],
 [30.15559112],
 [41.50805746],
 [28.26465946],
 [13.05452208],
 [37.24412775],
 [26.25132302],
 [18.07990126],
 [29.35360742],
 [37.8692915 ],
 [19.27948143],
 [23.04451024],
 [32.84773153],
 [ 6.24684918],
 [ 7.58035976],
 [35.4053632 ],
 [ 8.80965163],
 [ 1.82923676],
 [ 4.9109502 ],
 [49.59824501],
 [ 3.0734452 ],
 [ 8.61203266],
 [ 6.05313571],
 [ 6.56303962],
 [10.89403511],
 [ 3.12230889],
 [45.73699612],
 [33.15221042],
 [ 2.35774846],
 [22.69066287],
 [49.99123523],
 [36.55757268],
 [40.07907411],
 [ 5.02943456],
 [ 1.60554161],
 [40.94622477],
 [26.37587434],
 [ 8.08462462],
 [27.1788333 ],
 [ 8.52149148],
 [12.52431259],
 [35.00369975],
 [ 3.55621143],
 [47.37385462],
 [45.90798036],
 [ 2.17990022],
 [15.23539005],
 [23.24414675],
 [12.58226678],
 [23.07600113],
 [ 3.34232539],
 [16.26227391],
 [ 8.05535935],
 [15.95949462],
 [12.18050946],
 [41.84594576],
 [15.89708431],
 [36.48980058],
 [24.30090738],
 [46.02937059],
 [ 3.83254919],
 [33.99473192],
 [18.74275283],
 [19.52149604],
 [32.10396286],
 [49.15770665],
 [28.400671  ],
 [17.72738184],
 [34.80141254],
 [40.32579044],
 [15.42397743],
 [34.41269367],
 [19.22207274],
 [21.69882609],
 [41.8517738 ],
 [ 3.26924113],
 [14.87088236],
 [44.16050419],
 [13.50307735],
 [45.04816817],
 [ 4.29228321],
 [37.51062077],
 [27.51389467],
 [ 4.77841434],
 [21.69918993],
 [30.89098118],
 [46.43219928],
 [48.50041325],
 [28.81373094],
 [ 8.49177186],
 [45.97249995],
 [46.59919787],
 [23.20526643],
 [43.7503187 ],
 [34.72742127],
 [32.19839521],
 [ 4.2561934 ],
 [12.68090268],
 [49.98523904],
 [10.89518138],
 [24.50739836],
 [31.31359401],
 [ 3.78316627],
 [10.79415962],
 [21.39734343],
 [38.57766688],
 [12.0132324 ],
 [ 9.80552645],
 [39.69827749],
 [14.17300304],
 [ 0.5877873 ],
 [26.28304053],
 [36.59822109],
 [16.8942032 ],
 [18.97405436],
 [42.4087662 ],
 [ 0.94631543],
 [ 3.76380959],
 [18.08916072],
 [ 7.08190066],
 [ 1.74359233],
 [25.65967717],
 [13.88998552],
 [19.18628955],
 [18.35243894],
 [ 0.38137703],
 [24.20613173],
 [44.02030348],
 [34.1912865 ],
 [34.8663056 ],
 [33.72289994],
 [21.94551685],
 [37.25136183],
 [19.50238691],
 [ 7.50664564],
 [25.23645454],
 [48.08189507],
 [32.02285322],
 [12.25512854],
 [ 9.91467053],
 [33.15415772],
 [19.62630229],
 [11.3484543 ],
 [ 4.28409535],
 [41.94684843],
 [43.26997666],
 [29.3852886 ],
 [49.94580514],
 [10.4992195 ],
 [19.47111418],
 [ 5.42891466],
 [30.66243508],
 [16.27802779],
 [ 4.87739628],
 [38.72990625],
 [34.43396574],
 [32.25757805],
 [43.8557685 ],
 [25.64386394],
 [14.12754659],
 [45.27031555],
 [35.36582634],
 [36.1629901 ],
 [ 4.34324202],
 [49.71295065],
 [29.50051957],
 [ 2.86038482],
 [40.26917491],
 [13.16089176],
 [34.6991247 ],
 [ 1.21949319],
 [11.46268592],
 [ 3.91909054],
 [32.06879159],
 [ 7.96807008],
 [ 1.12846571],
 [13.53359855],
 [47.33182627],
 [ 9.95604809],
 [ 8.47253383],
 [ 6.26045377],
 [30.60267446],
 [34.03069525],
 [42.15753766],
 [ 8.8556529 ],
 [10.5559753 ],
 [41.45839553],
 [36.08752244],
 [38.03549055],
 [30.11185495],
 [15.3368697 ],
 [15.67716669],
 [41.76927676],
 [35.68989002],
 [21.91154216],
 [43.1864604 ],
 [47.25578625],
 [33.45122748],
 [22.04611382],
 [41.07134807],
 [ 7.34883996],
 [29.46415554],
 [31.49175581],
 [24.47799312],
 [45.00600106],
 [21.9076245 ],
 [14.45968725],
 [44.81146274],
 [17.64439218],
 [ 4.72948009],
 [49.26797477],
 [ 6.38862074],
 [33.89586733],
 [ 7.65261636],
 [42.75898873],
 [15.92502461],
 [ 3.14292596],
 [16.83347608],
 [ 6.70621761],
 [24.85895716],
 [42.51045163],
 [33.50326896],
 [ 6.03698176],
 [38.6656054 ],
 [31.70239845],
 [18.96238194],
 [34.47935121],
 [ 2.8731777 ],
 [29.1359862 ],
 [47.91791745],
 [33.75210246],
 [ 5.56807882],
 [34.759142  ],
 [45.15278577],
 [20.39388158],
 [15.39103843],
 [21.26968117],
 [17.81211984],
 [ 3.48694821],
 [18.10588962],
 [ 1.66598343],
 [39.68629836],
 [10.15587021],
 [36.54387196],
 [ 4.00109542],
 [21.12217945],
 [19.83826118],
 [23.67879909],
 [ 9.37058573],
 [ 5.03388556],
 [16.45884173],
 [30.28809422],
 [ 7.88223326],
 [38.74585386],
 [26.3895056 ],
 [ 0.50213981],
 [42.37578346],
 [21.67316435],
 [ 3.56585124],
 [ 5.93115441],
 [27.58443982],
 [24.88705601],
 [38.77166688],
 [41.7467407 ],
 [46.72907693],
 [22.67653028],
 [38.55399841],
 [15.89677755],
 [31.21653254],
 [41.47018083],
 [ 9.91956943],
 [17.15462034],
 [34.85149191],
 [15.10765557],
 [ 5.16131235],
 [30.98522718],
 [ 8.41262433],
 [10.01248028],
 [ 9.99361165],
 [41.25412254],
 [ 7.32016305],
 [40.7052407 ],
 [28.79385643],
 [34.25984518],
 [36.6458061 ],
 [ 0.9627043 ],
 [43.43750904],
 [44.50586602],
 [25.853732  ],
 [22.26095326],
 [35.87422872],
 [15.58977579],
 [41.95696286],
 [29.0648248 ],
 [14.59074687],
 [34.01899206],
 [16.61807304],
 [13.74354723],
 [ 8.90238476],
 [48.17376941],
 [32.19013775],
 [48.08928759],
 [ 4.97736766],
 [ 2.79646686],
 [32.01433087],
 [16.87745785],
 [24.15291695],
 [45.74134054],
 [ 8.43022745],
 [36.19969621],
 [43.6230626 ],
 [42.17052137],
 [ 3.99393375],
 [15.27917465],
 [ 7.28121304],
 [20.35615155],
 [ 1.45428234],
 [49.25522704],
 [31.68144951],
 [44.03240401],
 [28.36123029],
 [ 1.96824556],
 [15.85623218],
 [27.7946426 ],
 [43.94609464],
 [36.77929248],
 [ 7.48238763],
 [49.59842286],
 [ 8.32202362],
 [44.36904608],
 [20.55996306],
 [44.48040895],
 [47.0302688 ],
 [38.18272539],
 [37.43330624],
 [ 5.81277502],
 [ 9.14830792],
 [46.17984165],
 [36.04243999],
 [ 9.56122666],
 [20.92315245],
 [45.78508756],
 [33.71324063],
 [39.01835234],
 [28.11702051],
 [14.95789798],
 [20.88586341],
 [32.24411947],
 [22.92767364],
 [ 1.68511384],
 [29.92163851],
 [ 8.59178691],
 [34.08716144],
 [19.32553991],
 [42.08942782],
 [ 6.01172385],
 [19.06950686],
 [ 2.80102258],
 [ 8.56423118],
 [26.15822181],
 [23.1391421 ],
 [ 0.15705471],
 [38.70574669],
 [41.75343024],
 [ 6.63517523],
 [15.49675279],
 [26.82898641],
 [ 1.56245047],
 [38.83356439],
 [27.22133788],
 [40.85663742],
 [21.02034116],
 [ 1.98647787],
 [ 2.68906914],
 [19.59919271],
 [16.08827935],
 [34.3409418 ],
 [14.87283767],
 [38.13309991],
 [ 7.40964117],
 [27.87711324],
 [33.6616632 ],
 [29.91942749],
 [16.38181452],
 [13.73854695],
 [26.48809833],
 [ 7.50033141],
 [42.45421156],
 [ 0.68187498],
 [46.72927965],
 [34.78585477],
 [20.85391961],
 [ 1.22211969],
 [44.34776548],
 [46.62135067],
 [ 9.47335673],
 [21.57325509],
 [22.2127772 ],
 [40.78895356],
 [19.64616131],
 [44.13166328],
 [18.45087607],
 [36.02829957],
 [22.89876184],
 [35.92192691],
 [23.11491971],
 [ 4.56945321],
 [39.65663771],
 [11.19281026],
 [ 3.31629257],
 [16.54450538],
 [22.17304037],
 [27.2575101 ],
 [26.031689  ],
 [15.03942791],
 [16.4568426 ],
 [ 4.7092348 ],
 [35.7410989 ],
 [40.88324044],
 [28.27116922],
 [44.79171027],
 [17.05846683],
 [26.79369611],
 [15.83754936],
 [ 8.68476066],
 [33.20026989],
 [47.7103701 ],
 [26.58316498],
 [18.74147668],
 [46.25891681],
 [ 2.77443381],
 [35.11430995],
 [ 4.64804714],
 [ 4.71894895],
 [17.20934788],
 [35.30264591],
 [20.51268897],
 [14.87371007],
 [37.95264524],
 [37.82624517],
 [31.68803938],
 [27.71908238],
 [39.51785877],
 [36.63914412],
 [ 6.14228474],
 [ 9.33807844],
 [16.54168089],
 [34.71118967],
 [38.23608234],
 [11.60532688],
 [ 5.47636535],
 [38.91611347],
 [10.70523765],
 [47.34257655],
 [37.03696864],
 [13.61004617],
 [ 6.84958556],
 [40.98323756],
 [17.60696117],
 [27.0419898 ],
 [ 7.71853448],
 [48.78578392],
 [28.05965037],
 [38.76085837],
 [32.92774911],
 [42.25361976],
 [43.87853629],
 [31.30129056],
 [ 3.63613281],
 [46.51807934],
 [28.03521773],
 [38.87880596],
 [ 4.94391935],
 [ 2.561546  ],
 [ 5.29025293],
 [14.49383928],
 [ 8.96862483],
 [43.86717691],
 [34.63706251],
 [ 3.03598311],
 [18.37198965],
 [ 0.13240712],
 [38.84606946],
 [29.91805915],
 [32.3829244 ],
 [49.43044801],
 [35.83333986],
 [12.06995162],
 [ 5.25645376],
 [10.67904238],
 [36.14382083],
 [17.22180124],
 [20.44028423],
 [44.68669366],
 [30.20286788],
 [37.12823507],
 [10.75598455],
 [12.83139488],
 [42.85072597],
 [26.64789339],
 [33.97854771],
 [15.90128282],
 [45.71976912],
 [ 4.86638845],
 [ 2.31567494],
 [30.43591703],
 [36.44685957],
 [15.61422369],
 [ 1.68857443],
 [49.61217264],
 [25.51717717],
 [26.18965201],
 [49.2637276 ],
 [37.32091676],
 [ 6.04658324],
 [11.56858486],
 [18.47100436],
 [ 7.63374073],
 [36.14094988],
 [30.98694529],
 [42.2486757 ],
 [46.54256771],
 [44.21627713],
 [37.68543181],
 [32.16443974],
 [18.42546447],
 [40.83890034],
 [18.28217608],
 [17.36171888],
 [22.14098827],
 [23.54096385],
 [33.94651366],
 [ 2.6883277 ],
 [ 5.70451039],
 [37.70783717],
 [ 8.43889109],
 [44.37861985],
 [35.40414846],
 [35.9178235 ],
 [38.78752559],
 [38.03478498],
 [ 3.34719764],
 [38.67699088],
 [34.18449566],
 [24.05814914],
 [41.85551373],
 [22.93304074],
 [44.37574183],
 [18.78257486],
 [15.72846112],
 [26.20923171],
 [35.59575235],
 [ 6.81513127],
 [18.29836681],
 [41.40797593],
 [18.64669482],
 [24.64414329],
 [40.96625117],
 [34.33163534],
 [26.78577863],
 [12.62860854],
 [25.59858797],
 [25.82077787],
 [26.165628  ],
 [ 4.95565159],
 [48.30655717],
 [21.61730279],
 [ 4.14399162],
 [31.61373536],
 [47.41230481],
 [49.50002175],
 [20.34235481],
 [24.08213813],
 [23.06909906],
 [40.84300172],
 [30.82589615],
 [49.37733029],
 [34.75626744],
 [ 0.25247585],
 [21.77558848],
 [31.28399331],
 [ 8.62117168],
 [45.36131048],
 [38.72657962],
 [32.66009726],
 [13.23135162],
 [ 3.62042776],
 [30.42856068],
 [43.68053144],
 [19.16610442],
 [32.14254364],
 [11.50291141],
 [34.69779808],
 [36.04420126],
 [ 8.51376569],
 [40.57188003],
 [36.71322288],
 [19.4686401 ],
 [ 8.98581243],
 [32.71485648],
 [ 1.95413184],
 [ 2.75919196],
 [49.90130208],
 [31.71314561],
 [11.38757546],
 [42.99446485],
 [47.87271063],
 [ 3.26819581],
 [ 3.45316483],
 [10.82673981],
 [16.6457315 ],
 [ 4.05746124],
 [47.06442043],
 [10.83848851],
 [10.17376724],
 [26.29278506],
 [18.77535589],
 [37.20149914],
 [38.20251742],
 [ 6.44609215],
 [20.42854204],
 [13.93648298],
 [46.12016821],
 [15.56488308],
 [26.62267986],
 [20.34633688],
 [47.06775821],
 [ 0.86805419],
 [39.36611142],
 [35.11015498],
 [22.0369004 ],
 [18.27842306],
 [ 7.66406587],
 [35.22351949],
 [43.9251525 ],
 [21.03459691],
 [41.32263936],
 [17.62453938],
 [11.90098757],
 [ 2.26168827],
 [18.06245504],
 [14.67877274],
 [ 3.94749172],
 [49.82553159],
 [48.22139685],
 [46.94218153],
 [20.2940993 ],
 [41.68450729],
 [38.23139081],
 [41.62656337],
 [15.29866929],
 [ 3.54024595],
 [15.98624135],
 [46.1979787 ],
 [26.23532276],
 [48.62802337],
 [34.8642127 ],
 [47.88471212],
 [30.65439976],
 [49.60283365],
 [21.43326555],
 [41.9446828 ],
 [19.22419062],
 [32.86929487],
 [23.75416189],
 [31.20946856],
 [48.23906169],
 [30.12471426],
 [48.35948077],
 [39.89206406],
 [49.08054388],
 [10.62979814],
 [24.19414871],
 [30.81152874],
 [49.2303652 ],
 [ 9.73411452],
 [18.67735256],
 [23.19716006],
 [ 4.32707497],
 [ 1.1049266 ],
 [10.47252101],
 [25.15349197],
 [46.7891454 ],
 [24.49795084],
 [ 6.70130138],
 [48.85484316],
 [20.8355081 ],
 [33.42905695],
 [48.99476294],
 [49.92874182],
 [47.19093669],
 [44.98785077],
 [ 4.20644312],
 [31.52068879],
 [14.14384588],
 [ 3.32644753],
 [26.73025458],
 [20.38809692],
 [49.96374484],
 [41.68454502],
 [12.66284156],
 [32.45129962],
 [17.9990594 ],
 [43.24746124],
 [38.00467308],
 [29.36756664],
 [ 5.88705414],
 [45.31521433],
 [15.29564684],
 [24.4974922 ],
 [14.29850097],
 [ 3.13337687],
 [10.05519345],
 [31.66952706],
 [36.92979632],
 [ 5.75106482],
 [38.0997155 ],
 [34.57479457],
 [20.50225849],
 [22.33869648],
 [43.45130655],
 [24.84422375],
 [43.31690583],
 [ 3.57138917],
 [41.534936  ],
 [40.48039381],
 [20.19185693],
 [ 8.97166561],
 [49.43503342],
 [16.93328736],
 [ 8.86071904],
 [ 0.07778039],
 [38.18381372],
 [42.74130623],
 [32.72602584],
 [47.30115602],
 [20.73324253],
 [21.07454337],
 [45.25153195],
 [19.62894663],
 [41.13907449],
 [10.16184574],
 [39.89583888],
 [ 3.64902467],
 [ 1.06532554],
 [37.18936039],
 [20.26857423],
 [37.02929186],
 [16.98235491],
 [10.86084926],
 [19.51689312],
 [27.88971879],
 [47.35611238],
 [ 5.73512157],
 [27.51764725],
 [40.5709505 ],
 [22.97831349],
 [ 5.36254845],
 [34.96010656],
 [21.77354356],
 [25.34035161],
 [28.62544865],
 [49.56775281],
 [49.70689927],
 [48.59090098],
 [ 3.63232218],
 [39.89567312],
 [ 4.02538464],
 [ 5.14001691],
 [ 2.36202762],
 [42.91963667],
 [18.72429124],
 [42.17872797],
 [ 6.69741221],
 [19.4545042 ],
 [24.7194855 ],
 [14.78534781],
 [36.99091956],
 [21.07554784],
 [24.73586844],
 [44.11297048],
 [42.17197463],
 [42.52672671],
 [43.22608954],
 [11.49164988],
 [21.38207439],
 [30.59644659],
 [13.20776777],
 [ 4.38755427],
 [27.52671698],
 [ 2.44792366],
 [ 3.59287088],
 [31.25742099],
 [40.48318246],
 [14.53897975],
 [22.89111443],
 [43.91555927],
 [28.65375096],
 [12.78625961],
 [31.93221203],
 [46.43210025],
 [ 8.44546678],
 [ 7.07293562],
 [37.07878014],
 [42.90547123]]